# Reaction index | Absolute energy in au | Relative energy of reaction in kJ/mol
# Energy relative to reactants in kJ/mol
 0    -6.2336852228107550E-005   0.00    0.00 
           1  -3.4873780388300043E-004 -0.75194559260156912      -0.75194559260156912     
           2  -6.9184198257351193E-004 -0.90081989420339170       -1.6527654868049610     
           3  -6.9184198257351203E-004  -2.8465724027058879E-016  -1.6527654868049610     
           4  -1.0405795665453113E-003 -0.91561039768505292       -2.5683758844900137     
           5  -1.0405795665453116E-003  -5.6931448054117757E-016  -2.5683758844900146     
           6  -1.3947199149487071E-003 -0.92979535370118593       -3.4981712381912002     
           7  -1.7375178404313045E-003 -0.90001582651932699       -4.3981870647105277     
           8  -2.1018087628564487E-003 -0.95644568203957492       -5.3546327467501023     
           9  -2.5067357749547856E-003  -1.0631357204411889       -6.4177684671912916     
          10  -2.8495188508604412E-003 -0.89997683896056069       -7.3177453061518518     
          11  -3.6839274036048635E-003  -2.1907393464993161       -9.5084846526511679     
          12  -4.2069752601488477E-003  -1.3732619538285236       -10.881746606479693     
          13  -4.2069754505498725E-003  -4.9989782018428473E-007  -10.881747106377512     
          14  -1.8504495031640314E-003   6.1870580029469249       -4.6946891034305871     
          15  -5.1601817866137236E-003  -8.6897008855962206       -13.384389989026809     
          16  -5.4452889089591939E-003 -0.74854864422839695       -14.132938633255206     
          17  -6.1819565667424158E-003  -1.9341206629428154       -16.067059296198021     
          18  -6.8829126258196458E-003  -1.8403598737535256       -17.907419169951549     
          19  -6.7968620857091454E-003  0.22592566122141905       -17.681493508730128     
          20  -7.4360345382328882E-003  -1.6781470376072791       -19.359640546337406     
          21  -7.5829240100065186E-003 -0.38565825379256219       -19.745298800129969     
          22  -6.6252910740040583E-003   2.5142649191502731       -17.231033880979695     
          23  -2.4954648877921100E-003   10.842857123863780       -6.3881767571159145     
          24  -6.2273178866577607E-003  -9.7979786677361549       -16.186155424852071     
          25  -6.6116819858346061E-003  -1.0091478001740910       -17.195303225026162     
          26  -4.7281642132965809E-003   4.9451752148970094       -12.250128010129153     
          27   2.6902943229133056E-004   13.120130067529413       0.87000205740025938     
          28  -6.2783643681932916E-003  -17.190180000636669       -16.320177943236409     
          29   2.3324456984805408E-002   77.722196509254189        61.402018566017766     
          30  -5.7942007840210610E-003  -76.451025198150504       -15.049006632132745     
          31  -5.8676986848745097E-003 -0.19296871149650638       -15.241975343629251     
          32  -6.4267534515801937E-003  -1.4677980831355095       -16.709773426764759     
          33  -6.6472553714349110E-003 -0.57892770899284973       -17.288701135757609     
          34  -6.2612710171269532E-003   1.0134017794213319       -16.275299356336276     
          35  -6.6799810096055427E-003  -1.0993229303298395       -17.374622286666117     
          36  -6.6780397425385699E-003   5.0967959660682682E-003  -17.369525490700049     
          37  -7.0513774796276416E-003 -0.98019809059239493       -18.349723581292444     
          38  -8.4308410823628454E-003  -3.6217811785797442       -21.971504759872190     
          39  -7.4535965471152869E-003   2.5657551657119866       -19.405749594160202     
          40  -5.2904230914498094E-003   5.6794111074755325       -13.726338486684670     
          41  -5.1199222716938279E-003  0.44764983918402607       -13.278688647500644     
          42  -7.9297194272583919E-003  -7.3771213923098147       -20.655810039810458     
          43  -7.4109460317678417E-003   1.3620393579142831       -19.293770681896174     
          44  -4.9557054394626671E-003   6.4462332666582158       -12.847537415237959     
          45  -7.3929540464728050E-003  -6.3989953159231314       -19.246532731161089     
          46  -6.2746551316390864E-003   2.9360933871253292       -16.310439344035760     
          47  -3.6533061144482025E-003   6.8823508747355291       -9.4280884693002314     
          48  -4.9564372097041986E-003  -3.4213702084361124       -12.849458677736346     
          49  -6.2932056627605284E-003  -3.5096850788950658       -16.359143756631411     
          50  -6.1081236869374349E-003  0.48593265904320082       -15.873211097588209     
