#    Step number     |     TOTAL error    |    GRAPH error    |    VBE term 
      0   ****************   ****************          0.0000000          0.0000000
   1000          0.0378566          0.0955679          0.0000001          0.0730000
   2000          0.0415040      10000.0000000          0.0000001          0.0460000
   3000          0.0438468          0.1057233          0.0000001          0.0356667
   4000          0.0259132          0.0587244          0.0000001          0.0305000
   5000          0.0259132          0.0615282          0.0000001          0.0254000
   6000          0.0259132          0.1252876          0.0000001          0.0228333
   7000          0.0259132      10000.0000000          0.0000001          0.0210000
   8000          0.0273456          0.0545346          0.0000001          0.0208750
   9000          0.0230309          0.1242804          0.0000001          0.0202222
  10000          0.0166695          0.0266836          0.0000001          0.0197000
  11000          0.0160443          0.0830795          0.0000001          0.0195455
  12000          0.0160443          0.0388202          0.0000001          0.0186667
  13000          0.0218109          0.1296176          0.0000001          0.0185385
  14000          0.0214476          0.4902134          0.0000001          0.0179286
  15000          0.0218109          0.2438863          0.0000001          0.0176000
  16000          0.0214476          0.0706209          0.0000001          0.0170625
  17000          0.0160443      10000.0000000          0.0000001          0.0167059
  18000          0.0160443          0.1053032          0.0000001          0.0165000
  19000          0.0218109          0.1640063          0.0000001          0.0160000
  20000          0.0289400      10000.0000000          0.0000001          0.0156500
  21000          0.0289400          0.1426198          0.0000001          0.0153333
  22000          0.0289400          0.0775279          0.0000001          0.0151818
  23000          0.0218109          0.0543292          0.0000001          0.0148261
  24000          0.0214476          0.0702710          0.0000001          0.0146667
  25000          0.0214476          0.1511795          0.0000001          0.0144000
  26000          0.0189209      10000.0000000          0.0000001          0.0144615
  27000          0.0189209          0.0718920          0.0000001          0.0144444
  28000          0.0358730          0.1473232          0.0000001          0.0143214
  29000          0.0322253          0.0730344          0.0000001          0.0145862
  30000          0.0188325          0.0462750          0.0000001          0.0146667
  31000          0.0188325          0.0907451          0.0000001          0.0145806
  32000          0.0204874          0.0468890          0.0000001          0.0144375
  33000          0.0204874          0.0960565          0.0000001          0.0141818
  34000          0.0204874          0.0446238          0.0000001          0.0141765
  35000          0.0147431          0.1166748          0.0000001          0.0141714
  36000          0.0230640          0.0672369          0.0000001          0.0142500
  37000          0.0188325          0.0742812          0.0000001          0.0141892
  38000          0.0188325          0.0695693          0.0000001          0.0140789
  39000          0.0188325          0.1733380          0.0000001          0.0139744
  40000          0.0188325          0.1058937          0.0000001          0.0137250
  41000          0.0306377          0.3496071          0.0000001          0.0136098
  42000          0.0478504          0.2214449          0.0000001          0.0137857
  43000          0.0280346          0.0280346          0.0000001          0.0139070
  44000          0.0380280          0.1534438          0.0000001          0.0140000
  45000          0.0322918          0.0660802          0.0000001          0.0140000
  46000          0.0217562          0.0999914          0.0000001          0.0140217
  47000          0.0217562          0.0556277          0.0000001          0.0141064
  48000          0.0189487          0.1197940          0.0000001          0.0140625
  49000          0.0248404          0.0740461          0.0000001          0.0142041
  50000          0.0273626          0.1197031          0.0000001          0.0143000
  51000          0.0189487      10000.0000000          0.0000001          0.0142157
  52000          0.0273827          0.1010410          0.0000001          0.0143462
  53000          0.0273827      10000.0000000          0.0000001          0.0142642
  54000          0.0190480          0.0491975          0.0000001          0.0143333
  55000          0.0301658      10000.0000000          0.0000001          0.0142909
  56000          0.0222005          0.0480295          0.0000001          0.0143750
  57000          0.0206139          0.2082722          0.0000001          0.0143509
  58000          0.0190029      10000.0000000          0.0000001          0.0143103
  59000          0.0163548          0.1557861          0.0000001          0.0143898
  60000          0.0352562          0.0464325          0.0000001          0.0143667
  61000          0.0352562      10000.0000000          0.0000001          0.0142787
  62000          0.0241751          0.0757381          0.0000001          0.0143387
  63000          0.0160443          0.0498833          0.0000001          0.0144127
  64000          0.0223463      10000.0000000          0.0000001          0.0144063
  65000          0.0168551      10000.0000000          0.0000001          0.0143692
  66000          0.0232214          0.0490390          0.0000001          0.0144091
  67000          0.0168551          0.1249285          0.0000001          0.0144478
  68000          0.0381464          0.0783697          0.0000001          0.0147059
  69000          0.0262485          0.1321348          0.0000001          0.0147536
  70000          0.0322192          0.1576634          0.0000001          0.0150000
  71000          0.0305790          0.2871156          0.0000001          0.0150423
  72000          0.0321108          0.1000064          0.0000001          0.0150833
  73000          0.0350959          0.0717721          0.0000001          0.0151507
  74000          0.0379681          0.0379681          0.0000001          0.0151351
  75000          0.0501472          0.1693805          0.0000001          0.0151333
  76000          0.0482706          0.4672880          0.0000001          0.0151974
  77000          0.0308308          0.0622084          0.0000001          0.0153636
  78000          0.0378526          0.2148478          0.0000001          0.0154103
  79000          0.0114079      10000.0000000          0.0000001          0.0154177
  80000          0.0180437          0.0821079          0.0000001          0.0153500
  81000          0.0114079          0.1006926          0.0000001          0.0153457
  82000          0.0114079          0.0931727          0.0000001          0.0153049
  83000          0.0114079          0.1193806          0.0000001          0.0153012
  84000          0.0186202      10000.0000000          0.0000001          0.0153452
  85000          0.0131662          0.0684594          0.0000001          0.0153647
  86000          0.0186202          0.0379004          0.0000001          0.0153372
  87000          0.0270683          0.0910696          0.0000001          0.0154483
  88000          0.0297265          0.0920251          0.0000001          0.0154432
  89000          0.0259155          0.0867854          0.0000001          0.0154157
  90000          0.0259155          0.1205506          0.0000001          0.0153778
  91000          0.0106009          0.0490976          0.0000001          0.0154725
  92000          0.0122924          0.0601617          0.0000001          0.0154130
  93000          0.0106009          0.0502851          0.0000001          0.0153656
  94000          0.0321826          0.0454427          0.0000001          0.0153085
  95000          0.0325051          0.0759210          0.0000001          0.0153368
  96000          0.0334752      10000.0000000          0.0000001          0.0152917
  97000          0.0192691      10000.0000000          0.0000001          0.0153196
  98000          0.0106009          0.1202918          0.0000001          0.0152857
  99000          0.0122924          0.0591815          0.0000001          0.0152828
 100000          0.0192691          0.0590711          0.0000001          0.0152800
 101000          0.0192691          0.1194442          0.0000001          0.0152178
 102000          0.0122924          0.0774843          0.0000001          0.0151863
 103000          0.0106009      10000.0000000          0.0000001          0.0151845
 104000          0.0122924      10000.0000000          0.0000001          0.0151635
 105000          0.0192691          0.1450143          0.0000001          0.0151714
 106000          0.0192691      10000.0000000          0.0000001          0.0151038
 107000          0.0192691      10000.0000000          0.0000001          0.0150841
 108000          0.0335639          0.1036459          0.0000001          0.0150648
 109000          0.0214524          0.0818809          0.0000001          0.0150092
 110000          0.0192691          0.1048765          0.0000001          0.0149909
 111000          0.0192691      10000.0000000          0.0000001          0.0149099
 112000          0.0329003          0.0756707          0.0000001          0.0149554
 113000          0.0407511      10000.0000000          0.0000001          0.0149912
 114000          0.0192691      10000.0000000          0.0000001          0.0150175
 115000          0.0192691      10000.0000000          0.0000001          0.0150348
 116000          0.0192691          0.1295571          0.0000001          0.0150086
 117000          0.0321826      10000.0000000          0.0000001          0.0150171
 118000          0.0268503          0.0722666          0.0000001          0.0150000
 119000          0.0269643          0.1011421          0.0000001          0.0149664
 120000          0.0106009          0.1448641          0.0000001          0.0149167
 121000          0.0106009          0.0667842          0.0000001          0.0148678
 122000          0.0192691      10000.0000000          0.0000001          0.0148361
 123000          0.0106009          0.0106009          0.0000001          0.0148699
 124000          0.0192691          0.1795180          0.0000001          0.0148468
 125000          0.0192691          0.0783637          0.0000001          0.0148640
 126000          0.0192691      10000.0000000          0.0000001          0.0149206
 127000          0.0122924          0.0892213          0.0000001          0.0148976
 128000          0.0106009      10000.0000000          0.0000001          0.0149141
 129000          0.0192691          0.0776566          0.0000001          0.0148837
 130000          0.0122924          0.0566646          0.0000001          0.0148923
 131000          0.0316716          0.0922568          0.0000001          0.0148855
 132000          0.0130231          0.1035715          0.0000001          0.0149091
 133000          0.0130231          0.3227051          0.0000001          0.0148571
 134000          0.0130231          0.0666159          0.0000001          0.0148358
 135000          0.0130231          0.0554054          0.0000001          0.0147852
 136000          0.0207519          0.0644347          0.0000001          0.0147574
 137000          0.0130231          0.1051741          0.0000001          0.0147664
 138000          0.0221841          0.0543487          0.0000001          0.0147754
 139000          0.0280976          0.0777311          0.0000001          0.0147554
 141000          0.0145514          0.1014720          0.0000001          0.0147447
 142000          0.0145514          0.0464018          0.0000001          0.0146972
 143000          0.0184159          0.1273693          0.0000001          0.0146923
 144000          0.0152401          0.1513643          0.0000001          0.0146944
 145000          0.0309557          0.0670929          0.0000001          0.0146966
 146000          0.0372507          0.1827441          0.0000001          0.0147123
 147000          0.0184159          0.0581560          0.0000001          0.0147007
 148000          0.0184159          0.1015416          0.0000001          0.0146689
 149000          0.0184159          0.6524366          0.0000001          0.0146913
 150000          0.0184159      10000.0000000          0.0000001          0.0146600
 151000          0.0145514          0.0344957          0.0000001          0.0145960
 152000          0.0145514          0.0922068          0.0000001          0.0145789
 153000          0.0145514          0.0445167          0.0000001          0.0145294
 154000          0.0145514          0.0968331          0.0000001          0.0145130
 155000          0.0184159          0.0999857          0.0000001          0.0144774
 156000          0.0211766          0.0992577          0.0000001          0.0144808
 157000          0.0259673          0.0694430          0.0000001          0.0144713
 158000          0.0216478      10000.0000000          0.0000001          0.0144810
 159000          0.0219113          0.0647738          0.0000001          0.0145031
 160000          0.0125253          0.1072601          0.0000001          0.0144937
 161000          0.0211766          0.1052233          0.0000001          0.0144845
 162000          0.0286414          0.0786689          0.0000001          0.0145000
 163000          0.0286414          0.0978662          0.0000001          0.0145337
 164000          0.0282571          0.0738890          0.0000001          0.0145488
 165000          0.0370296      10000.0000000          0.0000001          0.0145394
 166000          0.0289181          0.0631269          0.0000001          0.0145422
 167000          0.0357836          0.1025871          0.0000001          0.0145449
 168000          0.0341568          0.1095784          0.0000001          0.0145714
 169000          0.0341568          0.1000928          0.0000001          0.0146154
 170000          0.0396292          0.1285747          0.0000001          0.0146412
 171000          0.0309554          0.0860165          0.0000001          0.0147018
 172000          0.0321934          0.1655149          0.0000001          0.0146860
 173000          0.0278561          0.1873990          0.0000001          0.0147168
 174000          0.0278561          0.1294009          0.0000001          0.0147356
 175000          0.0184803          0.1948354          0.0000001          0.0146857
 176000          0.0184803          0.1527130          0.0000001          0.0146420
 177000          0.0316512          0.0461122          0.0000001          0.0146723
 178000          0.0102665          0.1224193          0.0000001          0.0146910
 179000          0.0132550          0.0697657          0.0000001          0.0146760
 180000          0.0132550          0.1430087          0.0000001          0.0147000
 181000          0.0132550          0.1965439          0.0000001          0.0147127
 182000          0.0132550          0.2063767          0.0000001          0.0146923
 183000          0.0132550          0.0425661          0.0000001          0.0146776
 184000          0.0102665          0.1622971          0.0000001          0.0146793
 185000          0.0132550          0.1622577          0.0000001          0.0146378
 186000          0.0132550          0.0564785          0.0000001          0.0146290
 187000          0.0132550          0.0311026          0.0000001          0.0146417
 188000          0.0102665          0.0861998          0.0000001          0.0146383
 189000          0.0132550          0.1474227          0.0000001          0.0146402
 190000          0.0132550          0.1972368          0.0000001          0.0146211
 191000          0.0132550          0.1915230          0.0000001          0.0145812
 192000          0.0102665          0.1298847          0.0000001          0.0145677
 193000          0.0102665          0.2522977          0.0000001          0.0145596
 194000          0.0235139      10000.0000000          0.0000001          0.0145515
 195000          0.0102665          0.1298847          0.0000001          0.0145385
 196000          0.0138810          0.0655440          0.0000001          0.0145102
 197000          0.0102665          0.1471522          0.0000001          0.0145381
 198000          0.0138810          0.0493154          0.0000001          0.0145202
 199000          0.0150822          0.0558168          0.0000001          0.0145226
 200000          0.0150822      10000.0000000          0.0000001          0.0145000
 201000          0.0102665          0.0872899          0.0000001          0.0144776
 202000          0.0096976          0.0770414          0.0000001          0.0145000
 203000          0.0132550          0.0381782          0.0000001          0.0144631
 204000          0.0150822          0.0386777          0.0000001          0.0144706
 205000          0.0102665          0.2599852          0.0000001          0.0144683
 206000          0.0102665          0.0770414          0.0000001          0.0144369
 207000          0.0102665          0.0931846          0.0000001          0.0144348
 208000          0.0173167          0.0931707          0.0000001          0.0144423
 209000          0.0235139          0.0856822          0.0000001          0.0144258
 210000          0.0235139      10000.0000000          0.0000001          0.0144381
 211000          0.0102665          0.0290661          0.0000001          0.0144502
 212000          0.0102665          0.0554542          0.0000001          0.0144481
 213000          0.0132550          0.2101033          0.0000001          0.0144319
 214000          0.0102665          0.1128553          0.0000001          0.0144159
 215000          0.0305805          0.1377139          0.0000001          0.0144558
 216000          0.0235139          0.1230585          0.0000001          0.0144398
 217000          0.0102665          0.0482297          0.0000001          0.0144470
 218000          0.0265271      10000.0000000          0.0000001          0.0144358
 219000          0.0102665          0.0531393          0.0000001          0.0144018
 220000          0.0132550          0.1204513          0.0000001          0.0144136
 221000          0.0102665          0.0290661          0.0000001          0.0144072
 222000          0.0102665          0.0290661          0.0000001          0.0144234
 223000          0.0096976          0.1310012          0.0000001          0.0143991
 224000          0.0102665          0.0920011          0.0000001          0.0144196
 225000          0.0102665          0.1484645          0.0000001          0.0144133
 226000          0.0102665          0.0647795          0.0000001          0.0143850
 227000          0.0102665      10000.0000000          0.0000001          0.0143700
 228000          0.0102665          0.1507416          0.0000001          0.0143640
 229000          0.0102665          0.1184972          0.0000001          0.0143275
 230000          0.0096976          0.0644822          0.0000001          0.0143261
 231000          0.0102665          0.0602364          0.0000001          0.0143203
 232000          0.0132550      10000.0000000          0.0000001          0.0143060
 233000          0.0132550      10000.0000000          0.0000001          0.0142833
 234000          0.0132550          0.1071189          0.0000001          0.0142692
 235000          0.0132550      10000.0000000          0.0000001          0.0142894
 236000          0.0102665          0.0676932          0.0000001          0.0142881
 237000          0.0102665          0.0289702          0.0000001          0.0142911
 238000          0.0102665          0.0662887          0.0000001          0.0142815
 239000          0.0096976          0.0805613          0.0000001          0.0142594
 240000          0.0150822          0.0733620          0.0000001          0.0142417
 241000          0.0102665          0.1778175          0.0000001          0.0142863
 242000          0.0276715          0.1002003          0.0000001          0.0143140
 243000          0.0307311          0.0830497          0.0000001          0.0143045
 244000          0.0307311          0.2107766          0.0000001          0.0143074
 245000          0.0275040          0.0932742          0.0000001          0.0143184
 246000          0.0275040          0.0520388          0.0000001          0.0143333
 247000          0.0357102          0.0880329          0.0000001          0.0143563
 248000          0.0241188          0.0833904          0.0000001          0.0143871
 249000          0.0340337          0.1187002          0.0000001          0.0143855
 250000          0.0219364          0.2181184          0.0000001          0.0143680
 251000          0.0219364          0.0950046          0.0000001          0.0143426
 252000          0.0219364          0.0622521          0.0000001          0.0143214
 253000          0.0219364      10000.0000000          0.0000001          0.0143123
 254000          0.0277181          0.1392618          0.0000001          0.0143228
 255000          0.0286386          0.0400825          0.0000001          0.0143255
 256000          0.0473396          0.1098383          0.0000001          0.0143086
 257000          0.0212527          0.1468980          0.0000001          0.0143152
 259000          0.0163548          0.1405281          0.0000001          0.0142896
 260000          0.0163548          0.0496172          0.0000001          0.0142808
 261000          0.0202547          0.0997469          0.0000001          0.0142874
 262000          0.0210961          0.1290218          0.0000001          0.0142786
 263000          0.0163548      10000.0000000          0.0000001          0.0142662
 264000          0.0163548          0.1058786          0.0000001          0.0142500
 265000          0.0118312      10000.0000000          0.0000001          0.0142415
 266000          0.0118312          0.1471159          0.0000001          0.0142180
 267000          0.0496579          0.1644518          0.0000001          0.0142210
 268000          0.0355418          0.2829094          0.0000001          0.0142612
 269000          0.0277490      10000.0000000          0.0000001          0.0142825
 270000          0.0288535          0.0615573          0.0000001          0.0142778
 271000          0.0219364          0.0752408          0.0000001          0.0142878
 272000          0.0124200      10000.0000000          0.0000001          0.0142794
 273000          0.0118312          0.0413116          0.0000001          0.0143004
 274000          0.0118312          0.0639516          0.0000001          0.0142956
 275000          0.0264374          0.0792952          0.0000001          0.0143091
 276000          0.0118312      10000.0000000          0.0000001          0.0143225
 277000          0.0118312          0.0330666          0.0000001          0.0143466
 278000          0.0118312          0.0362568          0.0000001          0.0143525
 279000          0.0284724      10000.0000000          0.0000001          0.0143656
 280000          0.0254851          0.4616946          0.0000001          0.0143857
 281000          0.0235034          0.1215562          0.0000001          0.0144164
 282000          0.0214090          0.0612116          0.0000001          0.0144149
 283000          0.0286842          0.1367087          0.0000001          0.0144170
 284000          0.0286842          0.1436713          0.0000001          0.0144085
 285000          0.0159189          0.1430297          0.0000001          0.0144246
 286000          0.0159189          0.0911260          0.0000001          0.0144161
 287000          0.0526670          0.2454656          0.0000001          0.0144495
 288000          0.0154968          0.0511312          0.0000001          0.0144896
 289000          0.0154968          0.1756285          0.0000001          0.0144844
 290000          0.0154968          0.0790424          0.0000001          0.0144621
 291000          0.0204859      10000.0000000          0.0000001          0.0144708
 292000          0.0340680          0.0988450          0.0000001          0.0144795
 293000          0.0284236          0.1977063          0.0000001          0.0144812
 294000          0.0340680          0.0911407          0.0000001          0.0144728
 295000          0.0280346          0.1988293          0.0000001          0.0144847
 296000          0.0202547          0.0925896          0.0000001          0.0144932
 297000          0.0223413          0.0603419          0.0000001          0.0144815
 298000          0.0223413      10000.0000000          0.0000001          0.0144698
 299000          0.0163548      10000.0000000          0.0000001          0.0144716
 300000          0.0163548          0.0586589          0.0000001          0.0144733
 301000          0.0163548          0.0655514          0.0000001          0.0144718
 302000          0.0138051      10000.0000000          0.0000001          0.0144636
 303000          0.0241269          0.1026464          0.0000001          0.0144686
 304000          0.0394383          0.1145715          0.0000001          0.0144770
 305000          0.0289113          0.1259545          0.0000001          0.0144525
 306000          0.0289113      10000.0000000          0.0000001          0.0144281
 307000          0.0396463          0.1192851          0.0000001          0.0144658
 308000          0.0235020      10000.0000000          0.0000001          0.0144805
 309000          0.0279461          0.1352772          0.0000001          0.0144887
 310000          0.0162570      10000.0000000          0.0000001          0.0144839
 311000          0.0162570          0.0671736          0.0000001          0.0144695
 312000          0.0162570      10000.0000000          0.0000001          0.0144519
 313000          0.0162570          0.1063557          0.0000001          0.0144505
 314000          0.0231885          0.1336286          0.0000001          0.0144459
 315000          0.0048999          0.1064700          0.0000001          0.0144444
 316000          0.0048999          0.0617250          0.0000001          0.0144335
 317000          0.0048999          0.0431151          0.0000001          0.0144132
 318000          0.0048999      10000.0000000          0.0000001          0.0143868
 319000          0.0048999          0.0910324          0.0000001          0.0143542
 320000          0.0048999          0.0431151          0.0000001          0.0143375
 321000          0.0048999          0.0754229          0.0000001          0.0143271
 322000          0.0048999      10000.0000000          0.0000001          0.0143199
 323000          0.0048999          0.0660523          0.0000001          0.0143096
 324000          0.0048999          0.0428435          0.0000001          0.0142901
 325000          0.0048999          0.0487462          0.0000001          0.0142769
 326000          0.0048999          0.1467475          0.0000001          0.0142730
 327000          0.0048999      10000.0000000          0.0000001          0.0142661
 328000          0.0048999          0.0941847          0.0000001          0.0142470
 329000          0.0048999          0.0467022          0.0000001          0.0142401
 330000          0.0048999          0.0539791          0.0000001          0.0142333
 331000          0.0140675          0.0451700          0.0000001          0.0142115
 332000          0.0048999          0.0510129          0.0000001          0.0141928
 333000          0.0048999          0.1519646          0.0000001          0.0141862
 334000          0.0048999          0.0495611          0.0000001          0.0141617
 335000          0.0048999          0.0667031          0.0000001          0.0141463
 336000          0.0048999      10000.0000000          0.0000001          0.0141458
 337000          0.0048999          0.0380308          0.0000001          0.0141424
 338000          0.0048999          0.1209824          0.0000001          0.0141183
 339000          0.0048999          0.0885600          0.0000001          0.0141150
 340000          0.0048999          0.1134924          0.0000001          0.0141029
 341000          0.0048999          0.0532609          0.0000001          0.0140938
 342000          0.0048999          0.0682999          0.0000001          0.0140731
 343000          0.0048999      10000.0000000          0.0000001          0.0140554
 344000          0.0048999          0.0178948          0.0000001          0.0140407
 345000          0.0048999          0.0784998          0.0000001          0.0140087
 346000          0.0048999          0.0537987          0.0000001          0.0139769
 347000          0.0048999          0.0786762          0.0000001          0.0139654
 348000          0.0048999      10000.0000000          0.0000001          0.0139655
 349000          0.0048999          0.0231885          0.0000001          0.0139542
 350000          0.0048999          0.0838386          0.0000001          0.0139371
 351000          0.0048999          0.0921744          0.0000001          0.0139145
 352000          0.0048999      10000.0000000          0.0000001          0.0139034
 353000          0.0048999          0.0440865          0.0000001          0.0138924
 354000          0.0048999          0.0223177          0.0000001          0.0138757
 355000          0.0048999          0.1040758          0.0000001          0.0138563
 356000          0.0048999      10000.0000000          0.0000001          0.0138483
 357000          0.0048999      10000.0000000          0.0000001          0.0138431
 358000          0.0048999      10000.0000000          0.0000001          0.0138268
 359000          0.0048999      10000.0000000          0.0000001          0.0138189
 360000          0.0048999          0.0837892          0.0000001          0.0138167
 361000          0.0048999          0.0528489          0.0000001          0.0138144
 362000          0.0048999          0.1032575          0.0000001          0.0138149
 363000          0.0048999          0.0431151          0.0000001          0.0138099
 364000          0.0048999          0.1168849          0.0000001          0.0138049
 365000          0.0048999          0.0341300          0.0000001          0.0137863
 366000          0.0178948      10000.0000000          0.0000001          0.0137760
 367000          0.0048999      10000.0000000          0.0000001          0.0137629
 368000          0.0048999          0.0223177          0.0000001          0.0137418
 369000          0.0184146          0.0697697          0.0000001          0.0137398
 370000          0.0048999          0.0223177          0.0000001          0.0137324
 371000          0.0048999          0.1405701          0.0000001          0.0137170
 372000          0.0048999          0.1141263          0.0000001          0.0137043
 373000          0.0048999          0.1552282          0.0000001          0.0136836
 374000          0.0048999          0.0685599          0.0000001          0.0136631
 375000          0.0048999          0.0532298          0.0000001          0.0136507
 376000          0.0048999          0.0440865          0.0000001          0.0136410
 377000          0.0048999          0.0513851          0.0000001          0.0136233
 378000          0.0048999          0.0427585          0.0000001          0.0136164
 379000          0.0048999          0.0244675          0.0000001          0.0136069
 380000          0.0048999      10000.0000000          0.0000001          0.0135895
 381000          0.0048999          0.0714483          0.0000001          0.0135774
 382000          0.0048999          0.1083650          0.0000001          0.0135707
 383000          0.0048999          0.0475745          0.0000001          0.0135614
 384000          0.0116176          0.0254849          0.0000001          0.0135495
 385000          0.0116176          0.0644443          0.0000001          0.0135403
 386000          0.0116176          0.1002452          0.0000001          0.0135285
 387000          0.0116176          0.1111290          0.0000001          0.0135220
 388000          0.0116176          0.0761092          0.0000001          0.0135180
 389000          0.0116176          0.0744267          0.0000001          0.0135090
 389490          0.0000000          0.0000000          0.0000001          0.0135023
